DIET:2026-04-01,1400,160,50,35,7
SPORT:2026-04-01,20,120,5
SLEEP:2026-04-01,7,7,20,1
VITAL_SIGNS:2026-04-01,36.5,108,70,4.9,72,3.7,98
LIFESTYLE:2026-04-01,7500,1.5,6,7,4,7

DIET:2026-04-02,1500,170,52,42,6
SPORT:2026-04-02,0,0,3
SLEEP:2026-04-02,6,5,35,2
VITAL_SIGNS:2026-04-02,36.6,112,74,5.1,78,3.9,97
LIFESTYLE:2026-04-02,4800,1.1,8,9,5,5

DIET:2026-04-03,1350,155,55,30,8
SPORT:2026-04-03,30,180,7
SLEEP:2026-04-03,8,8,15,0
VITAL_SIGNS:2026-04-03,36.4,106,68,4.8,68,3.6,99
LIFESTYLE:2026-04-03,9500,1.9,5,6,3,8

DIET:2026-04-04,1450,168,53,38,7
SPORT:2026-04-04,15,90,4
SLEEP:2026-04-04,7,7,25,1
VITAL_SIGNS:2026-04-04,36.5,110,71,5.0,74,3.8,98
LIFESTYLE:2026-04-04,7200,1.4,7,8,4,6

DIET:2026-04-05,1700,190,45,55,4
SPORT:2026-04-05,0,0,3
SLEEP:2026-04-05,5,4,45,3
VITAL_SIGNS:2026-04-05,36.8,118,78,5.4,86,4.2,96
LIFESTYLE:2026-04-05,3200,0.9,10,11,7,4

DIET:2026-04-06,1300,150,58,30,8
SPORT:2026-04-06,40,240,8
SLEEP:2026-04-06,8,8,12,0
VITAL_SIGNS:2026-04-06,36.3,105,67,4.7,66,3.5,99
LIFESTYLE:2026-04-06,10500,2.1,5,6,3,9

DIET:2026-04-07,1420,162,54,36,7
SPORT:2026-04-07,25,150,6
SLEEP:2026-04-07,7,7,22,1
VITAL_SIGNS:2026-04-07,36.5,108,70,4.9,72,3.7,98
LIFESTYLE:2026-04-07,7800,1.6,6,7,4,7

DIET:2026-04-08,1550,175,55,44,6
SPORT:2026-04-08,10,60,3
SLEEP:2026-04-08,6,6,30,1
VITAL_SIGNS:2026-04-08,36.5,113,74,5.1,76,3.9,98
LIFESTYLE:2026-04-08,6000,1.2,8,9,5,5

DIET:2026-04-09,1380,158,56,34,8
SPORT:2026-04-09,35,210,7
SLEEP:2026-04-09,8,8,18,0
VITAL_SIGNS:2026-04-09,36.4,107,69,4.8,69,3.6,99
LIFESTYLE:2026-04-09,9800,2.0,5,6,3,8

DIET:2026-04-10,1480,170,54,40,7
SPORT:2026-04-10,20,120,4
SLEEP:2026-04-10,7,7,25,1
VITAL_SIGNS:2026-04-10,36.5,111,72,5.0,75,3.8,98
LIFESTYLE:2026-04-10,7300,1.5,7,8,4,6

DIET:2026-04-11,1650,185,48,50,5
SPORT:2026-04-11,0,0,3
SLEEP:2026-04-11,5,4,50,3
VITAL_SIGNS:2026-04-11,36.7,115,76,5.3,84,4.1,96
LIFESTYLE:2026-04-11,3800,1.0,9,10,6,4

DIET:2026-04-12,1320,152,57,32,8
SPORT:2026-04-12,45,270,9
SLEEP:2026-04-12,8,9,12,0
VITAL_SIGNS:2026-04-12,36.3,104,66,4.7,65,3.5,99
LIFESTYLE:2026-04-12,10800,2.2,5,6,3,9

DIET:2026-04-13,1430,163,54,38,7
SPORT:2026-04-13,30,180,6
SLEEP:2026-04-13,7,7,20,1
VITAL_SIGNS:2026-04-13,36.5,109,71,4.9,73,3.7,98
LIFESTYLE:2026-04-13,8000,1.7,6,7,4,7

DIET:2026-04-14,1520,172,53,42,6
SPORT:2026-04-14,15,90,4
SLEEP:2026-04-14,6,6,28,1
VITAL_SIGNS:2026-04-14,36.5,112,73,5.1,77,3.9,98
LIFESTYLE:2026-04-14,6500,1.3,7,8,5,6

DIET:2026-04-15,1400,160,55,35,8
SPORT:2026-04-15,35,210,7
SLEEP:2026-04-15,8,8,15,0
VITAL_SIGNS:2026-04-15,36.4,106,68,4.8,68,3.6,99
LIFESTYLE:2026-04-15,9600,1.9,5,6,3,8

DIET:2026-04-16,1470,169,54,39,7
SPORT:2026-04-16,25,150,6
SLEEP:2026-04-16,7,7,22,1
VITAL_SIGNS:2026-04-16,36.5,110,72,5.0,74,3.8,98
LIFESTYLE:2026-04-16,7700,1.6,6,7,4,7

DIET:2026-04-17,1600,180,52,46,5
SPORT:2026-04-17,0,0,3
SLEEP:2026-04-17,6,5,38,2
VITAL_SIGNS:2026-04-17,36.6,114,75,5.2,80,4.0,97
LIFESTYLE:2026-04-17,5100,1.2,8,9,6,5

DIET:2026-04-18,1360,156,56,33,8
SPORT:2026-04-18,40,240,8
SLEEP:2026-04-18,8,8,12,0
VITAL_SIGNS:2026-04-18,36.3,105,67,4.7,66,3.5,99
LIFESTYLE:2026-04-18,10200,2.0,5,6,3,8

DIET:2026-04-19,1450,167,54,38,7
SPORT:2026-04-19,20,120,4
SLEEP:2026-04-19,7,7,25,1
VITAL_SIGNS:2026-04-19,36.5,111,72,5.0,75,3.8,98
LIFESTYLE:2026-04-19,7400,1.5,7,8,4,6

DIET:2026-04-20,1550,175,52,42,6
SPORT:2026-04-20,30,180,6
SLEEP:2026-04-20,7,7,22,1
VITAL_SIGNS:2026-04-20,36.5,109,71,4.9,73,3.7,98
LIFESTYLE:2026-04-20,7900,1.6,6,7,4,7

DIET:2026-04-21,1380,158,56,34,8
SPORT:2026-04-21,35,210,7
SLEEP:2026-04-21,8,8,15,0
VITAL_SIGNS:2026-04-21,36.4,107,69,4.8,69,3.6,99
LIFESTYLE:2026-04-21,9700,1.9,5,6,3,8

DIET:2026-04-22,1480,170,54,40,7
SPORT:2026-04-22,15,90,4
SLEEP:2026-04-22,7,7,25,1
VITAL_SIGNS:2026-04-22,36.5,112,73,5.0,76,3.8,98
LIFESTYLE:2026-04-22,7100,1.4,7,8,4,6

DIET:2026-04-23,1620,182,50,48,5
SPORT:2026-04-23,0,0,3
SLEEP:2026-04-23,5,4,42,3
VITAL_SIGNS:2026-04-23,36.7,116,77,5.3,85,4.1,96
LIFESTYLE:2026-04-23,4000,1.0,9,10,7,4

DIET:2026-04-24,1350,155,57,32,8
SPORT:2026-04-24,45,270,9
SLEEP:2026-04-24,8,9,12,0
VITAL_SIGNS:2026-04-24,36.3,104,66,4.7,65,3.5,99
LIFESTYLE:2026-04-24,10600,2.1,5,6,3,9

DIET:2026-04-25,1440,165,54,38,7
SPORT:2026-04-25,30,180,6
SLEEP:2026-04-25,7,7,20,1
VITAL_SIGNS:2026-04-25,36.5,108,70,4.9,72,3.7,98
LIFESTYLE:2026-04-25,8200,1.7,6,7,4,7

DIET:2026-04-26,1530,173,53,42,6
SPORT:2026-04-26,20,120,4
SLEEP:2026-04-26,6,6,28,1
VITAL_SIGNS:2026-04-26,36.5,113,74,5.1,78,3.9,98
LIFESTYLE:2026-04-26,6700,1.3,7,8,5,6

DIET:2026-04-27,1390,159,56,34,8
SPORT:2026-04-27,40,240,8
SLEEP:2026-04-27,8,8,15,0
VITAL_SIGNS:2026-04-27,36.4,106,68,4.8,67,3.6,99
LIFESTYLE:2026-04-27,9900,2.0,5,6,3,8

DIET:2026-04-28,1460,168,54,39,7
SPORT:2026-04-28,25,150,6
SLEEP:2026-04-28,7,7,22,1
VITAL_SIGNS:2026-04-28,36.5,110,72,5.0,74,3.8,98
LIFESTYLE:2026-04-28,7600,1.5,6,7,4,7

DIET:2026-04-29,1580,178,52,44,6
SPORT:2026-04-29,0,0,3
SLEEP:2026-04-29,6,5,35,2
VITAL_SIGNS:2026-04-29,36.6,115,76,5.2,82,4.0,97
LIFESTYLE:2026-04-29,5300,1.2,8,9,5,5

DIET:2026-04-30,1370,157,56,33,8
SPORT:2026-04-30,35,210,7
SLEEP:2026-04-30,8,8,12,0
VITAL_SIGNS:2026-04-30,36.3,105,67,4.7,66,3.5,99
LIFESTYLE:2026-04-30,10100,2.1,5,6,3,8

DIET:2026-05-01,1500,170,55,40,7
SPORT:2026-05-01,20,120,4
SLEEP:2026-05-01,7,7,20,1
VITAL_SIGNS:2026-05-01,36.5,110,72,5.0,74,3.8,98
LIFESTYLE:2026-05-01,7800,1.6,6,7,4,7

DIET:2026-05-02,1600,180,52,45,6
SPORT:2026-05-02,0,0,3
SLEEP:2026-05-02,6,5,35,2
VITAL_SIGNS:2026-05-02,36.6,114,75,5.2,80,4.0,97
LIFESTYLE:2026-05-02,5000,1.1,8,9,5,5

DIET:2026-05-03,1350,155,57,32,8
SPORT:2026-05-03,35,210,7
SLEEP:2026-05-03,8,8,15,0
VITAL_SIGNS:2026-05-03,36.4,106,68,4.8,68,3.6,99
LIFESTYLE:2026-05-03,9500,1.9,5,6,3,8

DIET:2026-05-04,1450,168,54,38,7
SPORT:2026-05-04,15,90,4
SLEEP:2026-05-04,7,7,25,1
VITAL_SIGNS:2026-05-04,36.5,112,73,5.0,76,3.8,98
LIFESTYLE:2026-05-04,7200,1.4,7,8,4,6

DIET:2026-05-05,1700,190,45,55,4
SPORT:2026-05-05,0,0,3
SLEEP:2026-05-05,5,4,45,3
VITAL_SIGNS:2026-05-05,36.8,118,78,5.4,86,4.2,96
LIFESTYLE:2026-05-05,3500,0.9,10,11,7,4

DIET:2026-05-06,1320,152,58,30,8
SPORT:2026-05-06,45,270,9
SLEEP:2026-05-06,8,8,12,0
VITAL_SIGNS:2026-05-06,36.3,104,66,4.7,65,3.5,99
LIFESTYLE:2026-05-06,10500,2.1,5,6,3,9

DIET:2026-05-07,1430,163,54,38,7
SPORT:2026-05-07,30,180,6
SLEEP:2026-05-07,7,7,20,1
VITAL_SIGNS:2026-05-07,36.5,109,71,4.9,73,3.7,98
LIFESTYLE:2026-05-07,8000,1.7,6,7,4,7

DIET:2026-05-08,1530,173,53,42,6
SPORT:2026-05-08,15,90,4
SLEEP:2026-05-08,6,6,28,1
VITAL_SIGNS:2026-05-08,36.5,113,74,5.1,77,3.9,98
LIFESTYLE:2026-05-08,6500,1.3,7,8,5,6

DIET:2026-05-09,1400,160,56,35,8
SPORT:2026-05-09,40,240,8
SLEEP:2026-05-09,8,8,15,0
VITAL_SIGNS:2026-05-09,36.4,106,68,4.8,68,3.6,99
LIFESTYLE:2026-05-09,9700,1.9,5,6,3,8

DIET:2026-05-10,1480,170,54,40,7
SPORT:2026-05-10,25,150,6
SLEEP:2026-05-10,7,7,22,1
VITAL_SIGNS:2026-05-10,36.5,110,72,5.0,74,3.8,98
LIFESTYLE:2026-05-10,7600,1.5,6,7,4,7

DIET:2026-05-11,1580,178,52,44,6
SPORT:2026-05-11,0,0,3
SLEEP:2026-05-11,6,5,38,2
VITAL_SIGNS:2026-05-11,36.6,115,76,5.2,82,4.0,97
LIFESTYLE:2026-05-11,5200,1.2,8,9,5,5

DIET:2026-05-12,1360,156,57,33,8
SPORT:2026-05-12,35,210,7
SLEEP:2026-05-12,8,8,12,0
VITAL_SIGNS:2026-05-12,36.3,105,67,4.7,66,3.5,99
LIFESTYLE:2026-05-12,10200,2.0,5,6,3,8

DIET:2026-05-13,1460,168,54,39,7
SPORT:2026-05-13,20,120,4
SLEEP:2026-05-13,7,7,25,1
VITAL_SIGNS:2026-05-13,36.5,111,72,5.0,75,3.8,98
LIFESTYLE:2026-05-13,7300,1.5,7,8,4,6

DIET:2026-05-14,1550,175,52,42,6
SPORT:2026-05-14,30,180,6
SLEEP:2026-05-14,7,7,22,1
VITAL_SIGNS:2026-05-14,36.5,109,71,4.9,73,3.7,98
LIFESTYLE:2026-05-14,7900,1.6,6,7,4,7

DIET:2026-05-15,1380,158,56,34,8
SPORT:2026-05-15,35,210,7
SLEEP:2026-05-15,8,8,15,0
VITAL_SIGNS:2026-05-15,36.4,107,69,4.8,69,3.6,99
LIFESTYLE:2026-05-15,9800,2.0,5,6,3,8

DIET:2026-05-16,1470,169,54,39,7
SPORT:2026-05-16,15,90,4
SLEEP:2026-05-16,7,7,25,1
VITAL_SIGNS:2026-05-16,36.5,112,73,5.0,76,3.8,98
LIFESTYLE:2026-05-16,7100,1.4,7,8,4,6

DIET:2026-05-17,1620,182,50,48,5
SPORT:2026-05-17,0,0,3
SLEEP:2026-05-17,5,4,42,3
VITAL_SIGNS:2026-05-17,36.7,116,77,5.3,85,4.1,96
LIFESTYLE:2026-05-17,4000,1.0,9,10,7,4

DIET:2026-05-18,1340,154,57,32,8
SPORT:2026-05-18,45,270,9
SLEEP:2026-05-18,8,9,12,0
VITAL_SIGNS:2026-05-18,36.3,104,66,4.7,65,3.5,99
LIFESTYLE:2026-05-18,10700,2.2,5,6,3,9

DIET:2026-05-19,1440,165,54,38,7
SPORT:2026-05-19,30,180,6
SLEEP:2026-05-19,7,7,20,1
VITAL_SIGNS:2026-05-19,36.5,108,70,4.9,72,3.7,98
LIFESTYLE:2026-05-19,8200,1.7,6,7,4,7

DIET:2026-05-20,1520,172,53,42,6
SPORT:2026-05-20,20,120,4
SLEEP:2026-05-20,6,6,28,1
VITAL_SIGNS:2026-05-20,36.5,113,74,5.1,78,3.9,98
LIFESTYLE:2026-05-20,6800,1.3,7,8,5,6

DIET:2026-05-21,1400,160,56,35,8
SPORT:2026-05-21,40,240,8
SLEEP:2026-05-21,8,8,15,0
VITAL_SIGNS:2026-05-21,36.4,106,68,4.8,67,3.6,99
LIFESTYLE:2026-05-21,10000,2.0,5,6,3,8

DIET:2026-05-22,1490,171,54,40,7
SPORT:2026-05-22,25,150,6
SLEEP:2026-05-22,7,7,22,1
VITAL_SIGNS:2026-05-22,36.5,110,72,5.0,74,3.8,98
LIFESTYLE:2026-05-22,7700,1.6,6,7,4,7

DIET:2026-05-23,1590,179,52,45,6
SPORT:2026-05-23,0,0,3
SLEEP:2026-05-23,6,5,35,2
VITAL_SIGNS:2026-05-23,36.6,115,76,5.2,81,4.0,97
LIFESTYLE:2026-05-23,5400,1.2,8,9,5,5

DIET:2026-05-24,1370,157,57,33,8
SPORT:2026-05-24,35,210,7
SLEEP:2026-05-24,8,8,12,0
VITAL_SIGNS:2026-05-24,36.3,105,67,4.7,66,3.5,99
LIFESTYLE:2026-05-24,10300,2.1,5,6,3,8

DIET:2026-05-25,1470,169,54,39,7
SPORT:2026-05-25,20,120,4
SLEEP:2026-05-25,7,7,25,1
VITAL_SIGNS:2026-05-25,36.5,111,72,5.0,75,3.8,98
LIFESTYLE:2026-05-25,7400,1.5,7,8,4,6

DIET:2026-05-26,1560,176,52,43,6
SPORT:2026-05-26,30,180,6
SLEEP:2026-05-26,7,7,22,1
VITAL_SIGNS:2026-05-26,36.5,109,71,4.9,73,3.7,98
LIFESTYLE:2026-05-26,8000,1.6,6,7,4,7

DIET:2026-05-27,1390,159,56,34,8
SPORT:2026-05-27,35,210,7
SLEEP:2026-05-27,8,8,15,0
VITAL_SIGNS:2026-05-27,36.4,107,69,4.8,69,3.6,99
LIFESTYLE:2026-05-27,9900,2.0,5,6,3,8

DIET:2026-05-28,1480,170,54,40,7
SPORT:2026-05-28,15,90,4
SLEEP:2026-05-28,7,7,25,1
VITAL_SIGNS:2026-05-28,36.5,112,73,5.0,76,3.8,98
LIFESTYLE:2026-05-28,7200,1.4,7,8,4,6

DIET:2026-05-29,1630,183,50,48,5
SPORT:2026-05-29,0,0,3
SLEEP:2026-05-29,5,4,42,3
VITAL_SIGNS:2026-05-29,36.7,116,77,5.3,84,4.1,96
LIFESTYLE:2026-05-29,4100,1.0,9,10,7,4

DIET:2026-05-30,1350,155,57,32,8
SPORT:2026-05-30,45,270,9
SLEEP:2026-05-30,8,9,12,0
VITAL_SIGNS:2026-05-30,36.3,104,66,4.7,65,3.5,99
LIFESTYLE:2026-05-30,10600,2.1,5,6,3,9

DIET:2026-05-31,1450,167,54,38,7
SPORT:2026-05-31,30,180,6
SLEEP:2026-05-31,7,7,20,1
VITAL_SIGNS:2026-05-31,36.5,108,70,4.9,72,3.7,98
LIFESTYLE:2026-05-31,8100,1.7,6,7,4,7

DIET:2026-06-01,1420,162,54,36,7
SPORT:2026-06-01,25,150,6
SLEEP:2026-06-01,7,7,22,1
VITAL_SIGNS:2026-06-01,36.5,110,72,5.0,74,3.8,98
LIFESTYLE:2026-06-01,7800,1.6,6,7,4,7

DIET:2026-06-02,1520,172,53,42,6
SPORT:2026-06-02,0,0,3
SLEEP:2026-06-02,6,5,35,2
VITAL_SIGNS:2026-06-02,36.6,114,75,5.2,80,4.0,97
LIFESTYLE:2026-06-02,5000,1.1,8,9,5,5

DIET:2026-06-03,1370,157,57,33,8
SPORT:2026-06-03,35,210,7
SLEEP:2026-06-03,8,8,15,0
VITAL_SIGNS:2026-06-03,36.4,106,68,4.8,68,3.6,99
LIFESTYLE:2026-06-03,9500,1.9,5,6,3,8

DIET:2026-06-04,1470,169,54,39,7
SPORT:2026-06-04,15,90,4
SLEEP:2026-06-04,7,7,25,1
VITAL_SIGNS:2026-06-04,36.5,112,73,5.0,76,3.8,98
LIFESTYLE:2026-06-04,7200,1.4,7,8,4,6

DIET:2026-06-05,1700,190,45,55,4
SPORT:2026-06-05,0,0,3
SLEEP:2026-06-05,5,4,45,3
VITAL_SIGNS:2026-06-05,36.8,118,78,5.4,86,4.2,96
LIFESTYLE:2026-06-05,3500,0.9,10,11,7,4

DIET:2026-06-06,1320,152,58,30,8
SPORT:2026-06-06,45,270,9
SLEEP:2026-06-06,8,8,12,0
VITAL_SIGNS:2026-06-06,36.3,104,66,4.7,65,3.5,99
LIFESTYLE:2026-06-06,10500,2.1,5,6,3,9

DIET:2026-06-07,1430,163,54,38,7
SPORT:2026-06-07,30,180,6
SLEEP:2026-06-07,7,7,20,1
VITAL_SIGNS:2026-06-07,36.5,109,71,4.9,73,3.7,98
LIFESTYLE:2026-06-07,8000,1.7,6,7,4,7

DIET:2026-06-08,1530,173,53,42,6
SPORT:2026-06-08,15,90,4
SLEEP:2026-06-08,6,6,28,1
VITAL_SIGNS:2026-06-08,36.5,113,74,5.1,77,3.9,98
LIFESTYLE:2026-06-08,6500,1.3,7,8,5,6

DIET:2026-06-09,1400,160,56,35,8
SPORT:2026-06-09,40,240,8
SLEEP:2026-06-09,8,8,15,0
VITAL_SIGNS:2026-06-09,36.4,106,68,4.8,68,3.6,99
LIFESTYLE:2026-06-09,9700,1.9,5,6,3,8

DIET:2026-06-10,1480,170,54,40,7
SPORT:2026-06-10,25,150,6
SLEEP:2026-06-10,7,7,22,1