DIET:2026-04-15,1800,200.000000,60.000000,50.000000,5
SPORT:2026-04-15,30,200,5
SLEEP:2026-04-15,7,7,20,1
VITAL_SIGNS:2026-04-15,36.500000,118,76,5.200000,72,4.000000,98.000000
LIFESTYLE:2026-04-15,8000,1.800000,6,7,4,7
DIET:2026-04-16,2000,220.000000,65.000000,55.000000,5
SPORT:2026-04-16,-842150451,-842150451,5
SLEEP:2026-04-16,6,5,35,2
VITAL_SIGNS:2026-04-16,36.600000,125,82,5.400000,85,4.200000,97.000000
LIFESTYLE:2026-04-16,5000,1.200000,8,9,6,5
DIET:2026-04-17,1600,180.000000,70.000000,40.000000,5
SPORT:2026-04-17,45,350,5
SLEEP:2026-04-17,8,8,15,0
VITAL_SIGNS:2026-04-17,36.400000,115,74,5.100000,68,3.800000,99.000000
LIFESTYLE:2026-04-17,10000,2.000000,5,6,3,8
DIET:2026-04-18,1900,210.000000,55.000000,52.000000,5
SPORT:2026-04-18,20,120,5
SLEEP:2026-04-18,7,7,25,1
VITAL_SIGNS:2026-04-18,36.500000,120,78,5.300000,75,4.100000,98.000000
LIFESTYLE:2026-04-18,7000,1.500000,7,8,5,6
DIET:2026-04-19,2200,250.000000,50.000000,70.000000,5
SPORT:2026-04-19,-842150451,-842150451,5
SLEEP:2026-04-19,5,4,45,3
VITAL_SIGNS:2026-04-19,36.700000,130,85,5.600000,90,4.500000,96.000000
LIFESTYLE:2026-04-19,3000,1.000000,10,11,7,4
DIET:2026-04-20,1700,190.000000,65.000000,45.000000,5
SPORT:2026-04-20,60,500,5
SLEEP:2026-04-20,9,9,15,0
VITAL_SIGNS:2026-04-20,36.400000,116,75,5.000000,70,3.900000,99.000000
LIFESTYLE:2026-04-20,12000,2.200000,4,5,3,9
DIET:2026-04-21,1850,210.000000,60.000000,48.000000,5
SPORT:2026-04-21,35,250,5
SLEEP:2026-04-21,7,7,20,1
VITAL_SIGNS:2026-04-21,36.500000,119,77,5.200000,73,4.000000,98.000000
LIFESTYLE:2026-04-21,8500,1.800000,6,7,4,7
DIET:2026-04-22,2100,230.000000,55.000000,60.000000,5
SPORT:2026-04-22,-842150451,-842150451,5
SLEEP:2026-04-22,6,5,40,2
VITAL_SIGNS:2026-04-22,36.600000,126,83,5.500000,86,4.300000,97.000000
LIFESTYLE:2026-04-22,4500,1.300000,9,9,6,5
DIET:2026-04-23,1650,185.000000,72.000000,38.000000,5
SPORT:2026-04-23,50,400,5
SLEEP:2026-04-23,8,9,12,0
VITAL_SIGNS:2026-04-23,36.300000,114,73,4.900000,69,3.700000,99.000000
LIFESTYLE:2026-04-23,11000,2.100000,5,6,3,8
DIET:2026-04-24,1950,215.000000,58.000000,53.000000,5
SPORT:2026-04-24,25,150,5
SLEEP:2026-04-24,7,7,22,1
VITAL_SIGNS:2026-04-24,36.500000,121,79,5.300000,74,4.100000,98.000000
LIFESTYLE:2026-04-24,7500,1.600000,7,7,4,6
DIET:2026-04-25,2300,260.000000,45.000000,80.000000,5
SPORT:2026-04-25,-842150451,-842150451,5
SLEEP:2026-04-25,5,4,50,3
VITAL_SIGNS:2026-04-25,36.800000,132,86,5.700000,92,4.600000,95.000000
LIFESTYLE:2026-04-25,2500,0.800000,11,12,8,3
DIET:2026-04-26,1750,195.000000,68.000000,42.000000,5
SPORT:2026-04-26,55,450,5
SLEEP:2026-04-26,8,8,18,0
VITAL_SIGNS:2026-04-26,36.400000,117,76,5.100000,71,3.900000,99.000000
LIFESTYLE:2026-04-26,10500,2.000000,5,6,3,8
DIET:2026-04-27,1880,208.000000,62.000000,50.000000,5
SPORT:2026-04-27,30,200,5
SLEEP:2026-04-27,7,7,25,1
VITAL_SIGNS:2026-04-27,36.500000,120,78,5.200000,74,4.000000,98.000000
LIFESTYLE:2026-04-27,8200,1.700000,6,7,4,7
DIET:2026-04-28,2050,225.000000,56.000000,58.000000,5
SPORT:2026-04-28,15,80,5
SLEEP:2026-04-28,6,5,38,2
VITAL_SIGNS:2026-04-28,36.600000,124,81,5.400000,82,4.200000,97.000000
LIFESTYLE:2026-04-28,5500,1.400000,8,9,5,5
DIET:2026-04-29,1700,188.000000,70.000000,40.000000,5
SPORT:2026-04-29,40,320,5
SLEEP:2026-04-29,8,8,15,0
VITAL_SIGNS:2026-04-29,36.400000,116,75,5.100000,70,3.800000,99.000000
LIFESTYLE:2026-04-29,9500,1.900000,5,6,3,8
DIET:2026-04-30,1920,212.000000,60.000000,52.000000,5
SPORT:2026-04-30,30,200,5
SLEEP:2026-04-30,7,7,22,1
VITAL_SIGNS:2026-04-30,36.500000,119,77,5.200000,73,4.000000,98.000000
LIFESTYLE:2026-04-30,7800,1.600000,6,7,4,7
DIET:2026-05-01,2150,235.000000,52.000000,62.000000,5
SPORT:2026-05-01,-842150451,-842150451,5
SLEEP:2026-05-01,5,4,48,3
VITAL_SIGNS:2026-05-01,36.700000,128,84,5.600000,88,4.400000,96.000000
LIFESTYLE:2026-05-01,3500,1.100000,9,10,7,4
DIET:2026-05-02,1680,190.000000,68.000000,42.000000,5
SPORT:2026-05-02,50,400,5
SLEEP:2026-05-02,8,9,12,0
VITAL_SIGNS:2026-05-02,36.300000,115,74,5.000000,69,3.700000,99.000000
LIFESTYLE:2026-05-02,10800,2.100000,5,6,3,9
DIET:2026-05-03,1850,205.000000,62.000000,48.000000,5
SPORT:2026-05-03,35,250,5
SLEEP:2026-05-03,7,7,20,1
VITAL_SIGNS:2026-05-03,36.500000,118,76,5.200000,72,4.000000,98.000000
LIFESTYLE:2026-05-03,8500,1.800000,6,7,4,7
DIET:2026-05-04,2000,218.000000,58.000000,55.000000,5
SPORT:2026-05-04,25,150,5
SLEEP:2026-05-04,6,6,30,1
VITAL_SIGNS:2026-05-04,36.500000,122,80,5.300000,76,4.100000,98.000000
LIFESTYLE:2026-05-04,7000,1.500000,7,8,5,6
DIET:2026-05-05,1750,195.000000,68.000000,42.000000,5
SPORT:2026-05-05,45,350,5
SLEEP:2026-05-05,8,8,15,0
VITAL_SIGNS:2026-05-05,36.400000,116,75,5.100000,70,3.800000,99.000000
LIFESTYLE:2026-05-05,9800,1.900000,5,6,3,8
DIET:2026-05-06,1900,210.000000,60.000000,50.000000,5
SPORT:2026-05-06,30,200,5
SLEEP:2026-05-06,7,7,22,1
VITAL_SIGNS:2026-05-06,36.500000,119,77,5.200000,73,4.000000,98.000000
LIFESTYLE:2026-05-06,8000,1.700000,6,7,4,7
DIET:2026-05-07,2200,240.000000,50.000000,68.000000,5
SPORT:2026-05-07,-842150451,-842150451,5
SLEEP:2026-05-07,5,4,45,3
VITAL_SIGNS:2026-05-07,36.700000,130,85,5.600000,90,4.500000,96.000000
LIFESTYLE:2026-05-07,4000,1.200000,9,10,7,4
DIET:2026-05-08,1700,188.000000,70.000000,40.000000,5
SPORT:2026-05-08,55,450,5
SLEEP:2026-05-08,8,9,12,0
VITAL_SIGNS:2026-05-08,36.300000,114,73,4.900000,69,3.700000,99.000000
LIFESTYLE:2026-05-08,11200,2.200000,5,6,3,9
DIET:2026-05-09,1880,208.000000,62.000000,50.000000,5
SPORT:2026-05-09,30,200,5
SLEEP:2026-05-09,7,7,20,1
VITAL_SIGNS:2026-05-09,36.500000,118,76,5.200000,72,4.000000,98.000000
LIFESTYLE:2026-05-09,8300,1.800000,6,7,4,7
DIET:2026-05-10,1950,215.000000,58.000000,53.000000,5
SPORT:2026-05-10,20,120,5
SLEEP:2026-05-10,6,6,30,1
VITAL_SIGNS:2026-05-10,36.500000,122,80,5.300000,76,4.100000,98.000000
LIFESTYLE:2026-05-10,7200,1.500000,7,8,5,6
DIET:2026-05-11,1780,198.000000,66.000000,44.000000,5
SPORT:2026-05-11,40,320,5
SLEEP:2026-05-11,8,8,15,0
VITAL_SIGNS:2026-05-11,36.400000,116,75,5.100000,70,3.800000,99.000000
LIFESTYLE:2026-05-11,10200,2.000000,5,6,3,8
DIET:2026-05-12,1920,212.000000,60.000000,52.000000,5
SPORT:2026-05-12,30,200,5
SLEEP:2026-05-12,7,7,22,1
VITAL_SIGNS:2026-05-12,36.500000,119,77,5.200000,73,4.000000,98.000000
LIFESTYLE:2026-05-12,8100,1.700000,6,7,4,7
DIET:2026-05-13,2100,230.000000,55.000000,60.000000,5
SPORT:2026-05-13,-842150451,-842150451,5
SLEEP:2026-05-13,6,5,40,2
VITAL_SIGNS:2026-05-13,36.600000,126,83,5.500000,86,4.300000,97.000000
LIFESTYLE:2026-05-13,4800,1.300000,9,9,6,5
DIET:2026-05-14,1650,185.000000,72.000000,38.000000,5
SPORT:2026-05-14,50,400,5
SLEEP:2026-05-14,8,9,12,0
VITAL_SIGNS:2026-05-14,36.300000,114,73,4.900000,69,3.700000,99.000000
LIFESTYLE:2026-05-14,11000,2.100000,5,6,3,8
DIET:2026-05-15,1850,210,60,48,7
SPORT:2026-05-15,35,250,7
SLEEP:2026-05-15,7,7,20,1
VITAL_SIGNS:2026-05-15,36.5,119,77,5.2,73,4.0,98
LIFESTYLE:2026-05-15,8500,1.8,6,7,4,7

DIET:2026-05-16,2000,220,65,55,6
SPORT:2026-05-16,25,150,5
SLEEP:2026-05-16,6,6,30,1
VITAL_SIGNS:2026-05-16,36.5,122,80,5.3,76,4.1,98
LIFESTYLE:2026-05-16,7000,1.5,7,8,5,6

DIET:2026-05-17,1750,195,68,42,8
SPORT:2026-05-17,45,350,8
SLEEP:2026-05-17,8,8,15,0
VITAL_SIGNS:2026-05-17,36.4,116,75,5.1,70,3.8,99
LIFESTYLE:2026-05-17,9800,1.9,5,6,3,8

DIET:2026-05-18,1900,210,60,50,7
SPORT:2026-05-18,30,200,6
SLEEP:2026-05-18,7,7,22,1
VITAL_SIGNS:2026-05-18,36.5,119,77,5.2,73,4.0,98
LIFESTYLE:2026-05-18,8000,1.7,6,7,4,7

DIET:2026-05-19,2200,240,50,68,4
SPORT:2026-05-19,0,0,3
SLEEP:2026-05-19,5,4,45,3
VITAL_SIGNS:2026-05-19,36.7,130,85,5.6,90,4.5,96
LIFESTYLE:2026-05-19,4000,1.2,9,10,7,4

DIET:2026-05-20,1700,188,70,40,8
SPORT:2026-05-20,55,450,9
SLEEP:2026-05-20,8,9,12,0
VITAL_SIGNS:2026-05-20,36.3,114,73,4.9,69,3.7,99
LIFESTYLE:2026-05-20,11200,2.2,5,6,3,9

DIET:2026-05-21,1880,208,62,50,7
SPORT:2026-05-21,30,200,6
SLEEP:2026-05-21,7,7,20,1
VITAL_SIGNS:2026-05-21,36.5,118,76,5.2,72,4.0,98
LIFESTYLE:2026-05-21,8300,1.8,6,7,4,7

DIET:2026-05-22,1950,215,58,53,6
SPORT:2026-05-22,20,120,4
SLEEP:2026-05-22,6,6,30,1
VITAL_SIGNS:2026-05-22,36.5,122,80,5.3,76,4.1,98
LIFESTYLE:2026-05-22,7200,1.5,7,8,5,6

DIET:2026-05-23,1780,198,66,44,8
SPORT:2026-05-23,40,320,8
SLEEP:2026-05-23,8,8,15,0
VITAL_SIGNS:2026-05-23,36.4,116,75,5.1,70,3.8,99
LIFESTYLE:2026-05-23,10200,2.0,5,6,3,8

DIET:2026-05-24,1920,212,60,52,7
SPORT:2026-05-24,30,200,6
SLEEP:2026-05-24,7,7,22,1
VITAL_SIGNS:2026-05-24,36.5,119,77,5.2,73,4.0,98
LIFESTYLE:2026-05-24,8100,1.7,6,7,4,7

DIET:2026-05-25,2100,230,55,60,5
SPORT:2026-05-25,0,0,3
SLEEP:2026-05-25,6,5,40,2
VITAL_SIGNS:2026-05-25,36.6,126,83,5.5,86,4.3,97
LIFESTYLE:2026-05-25,4800,1.3,9,9,6,5

DIET:2026-05-26,1650,185,72,38,9
SPORT:2026-05-26,50,400,9
SLEEP:2026-05-26,8,9,12,0
VITAL_SIGNS:2026-05-26,36.3,114,73,4.9,69,3.7,99
LIFESTYLE:2026-05-26,11000,2.1,5,6,3,8

DIET:2026-05-27,1860,206,61,49,7
SPORT:2026-05-27,35,250,7
SLEEP:2026-05-27,7,7,20,1
VITAL_SIGNS:2026-05-27,36.5,118,76,5.2,72,4.0,98
LIFESTYLE:2026-05-27,8600,1.8,6,7,4,7

DIET:2026-05-28,1980,218,59,54,6
SPORT:2026-05-28,25,150,5
SLEEP:2026-05-28,6,6,30,1
VITAL_SIGNS:2026-05-28,36.5,122,80,5.3,76,4.1,98
LIFESTYLE:2026-05-28,7100,1.5,7,8,5,6

DIET:2026-05-29,1760,196,67,43,8
SPORT:2026-05-29,45,350,8
SLEEP:2026-05-29,8,8,15,0
VITAL_SIGNS:2026-05-29,36.4,116,75,5.1,70,3.8,99
LIFESTYLE:2026-05-29,9900,1.9,5,6,3,8

DIET:2026-05-30,1910,211,60,51,7
SPORT:2026-05-30,30,200,6
SLEEP:2026-05-30,7,7,22,1
VITAL_SIGNS:2026-05-30,36.5,119,77,5.2,73,4.0,98
LIFESTYLE:2026-05-30,8200,1.7,6,7,4,7

DIET:2026-05-31,2150,235,52,62,4
SPORT:2026-05-31,0,0,3
SLEEP:2026-05-31,5,4,45,3
VITAL_SIGNS:2026-05-31,36.7,130,85,5.6,90,4.5,96
LIFESTYLE:2026-05-31,4200,1.2,9,10,7,4

DIET:2026-06-01,1680,190,68,42,8
SPORT:2026-06-01,50,400,9
SLEEP:2026-06-01,8,9,12,0
VITAL_SIGNS:2026-06-01,36.3,114,73,4.9,69,3.7,99
LIFESTYLE:2026-06-01,10800,2.1,5,6,3,9

DIET:2026-06-02,1850,205,62,48,7
SPORT:2026-06-02,35,250,7
SLEEP:2026-06-02,7,7,20,1
VITAL_SIGNS:2026-06-02,36.5,118,76,5.2,72,4.0,98
LIFESTYLE:2026-06-02,8500,1.8,6,7,4,7

DIET:2026-06-03,2000,218,58,55,6
SPORT:2026-06-03,25,150,5
SLEEP:2026-06-03,6,6,30,1
VITAL_SIGNS:2026-06-03,36.5,122,80,5.3,76,4.1,98
LIFESTYLE:2026-06-03,7000,1.5,7,8,5,6

DIET:2026-06-04,1750,195,68,42,8
SPORT:2026-06-04,45,350,8
SLEEP:2026-06-04,8,8,15,0
VITAL_SIGNS:2026-06-04,36.4,116,75,5.1,70,3.8,99
LIFESTYLE:2026-06-04,9800,1.9,5,6,3,8

DIET:2026-06-05,1900,210,60,50,7
SPORT:2026-06-05,30,200,6
SLEEP:2026-06-05,7,7,22,1
VITAL_SIGNS:2026-06-05,36.5,119,77,5.2,73,4.0,98
LIFESTYLE:2026-06-05,8000,1.7,6,7,4,7

DIET:2026-06-06,2200,240,50,68,4
SPORT:2026-06-06,0,0,3
SLEEP:2026-06-06,5,4,45,3
VITAL_SIGNS:2026-06-06,36.7,130,85,5.6,90,4.5,96
LIFESTYLE:2026-06-06,4000,1.2,9,10,7,4

DIET:2026-06-07,1700,188,70,40,8
SPORT:2026-06-07,55,450,9
SLEEP:2026-06-07,8,9,12,0
VITAL_SIGNS:2026-06-07,36.3,114,73,4.9,69,3.7,99
LIFESTYLE:2026-06-07,11200,2.2,5,6,3,9

DIET:2026-06-08,1880,208,62,50,7
SPORT:2026-06-08,30,200,6
SLEEP:2026-06-08,7,7,20,1
VITAL_SIGNS:2026-06-08,36.5,118,76,5.2,72,4.0,98
LIFESTYLE:2026-06-08,8300,1.8,6,7,4,7

DIET:2026-06-09,1950,215,58,53,6
SPORT:2026-06-09,20,120,4
SLEEP:2026-06-09,6,6,30,1
VITAL_SIGNS:2026-06-09,36.5,122,80,5.3,76,4.1,98
LIFESTYLE:2026-06-09,7200,1.5,7,8,5,6

DIET:2026-06-10,1780,198,66,44,8
SPORT:2026-06-10,40,320,8
SLEEP:2026-06-10,8,8,15,0
VITAL_SIGNS:2026-06-10,36.4,116,75,5.1,70,3.8,99
LIFESTYLE:2026-06-10,10200,2.0,5,6,3,8

DIET:2026-06-11,1920,212,60,52,7
SPORT:2026-06-11,30,200,6
SLEEP:2026-06-11,7,7,22,1
VITAL_SIGNS:2026-06-11,36.5,119,77,5.2,73,4.0,98
LIFESTYLE:2026-06-11,8100,1.7,6,7,4,7

DIET:2026-06-12,2100,230,55,60,5
SPORT:2026-06-12,0,0,3
SLEEP:2026-06-12,6,5,40,2
VITAL_SIGNS:2026-06-12,36.6,126,83,5.5,86,4.3,97
LIFESTYLE:2026-06-12,4800,1.3,9,9,6,5

DIET:2026-06-13,1650,185,72,38,9
SPORT:2026-06-13,50,400,9
SLEEP:2026-06-13,8,9,12,0
VITAL_SIGNS:2026-06-13,36.3,114,73,4.9,69,3.7,99
LIFESTYLE:2026-06-13,11000,2.1,5,6,3,8

DIET:2026-06-14,1860,206,61,49,7
SPORT:2026-06-14,35,250,7
SLEEP:2026-06-14,7,7,20,1
VITAL_SIGNS:2026-06-14,36.5,118,76,5.2,72,4.0,98
LIFESTYLE:2026-06-14,8600,1.8,6,7,4,7

DIET:2026-06-15,1980,218,59,54,6
SPORT:2026-06-15,25,150,5
SLEEP:2026-06-15,6,6,30,1
VITAL_SIGNS:2026-06-15,36.5,122,80,5.3,76,4.1,98
LIFESTYLE:2026-06-15,7100,1.5,7,8,5,6

DIET:2026-06-16,1760,196,67,43,8
SPORT:2026-06-16,45,350,8
SLEEP:2026-06-16,8,8,15,0
VITAL_SIGNS:2026-06-16,36.4,116,75,5.1,70,3.8,99
LIFESTYLE:2026-06-16,9900,1.9,5,6,3,8

DIET:2026-06-17,1910,211,60,51,7
SPORT:2026-06-17,30,200,6
SLEEP:2026-06-17,7,7,22,1
VITAL_SIGNS:2026-06-17,36.5,119,77,5.2,73,4.0,98
LIFESTYLE:2026-06-17,8200,1.7,6,7,4,7

DIET:2026-06-18,2150,235,52,62,4
SPORT:2026-06-18,0,0,3
SLEEP:2026-06-18,5,4,45,3
VITAL_SIGNS:2026-06-18,36.7,130,85,5.6,90,4.5,96
LIFESTYLE:2026-06-18,4200,1.2,9,10,7,4

DIET:2026-06-19,1680,190,68,42,8
SPORT:2026-06-19,50,400,9
SLEEP:2026-06-19,8,9,12,0
VITAL_SIGNS:2026-06-19,36.3,114,73,4.9,69,3.7,99
LIFESTYLE:2026-06-19,10800,2.1,5,6,3,9

DIET:2026-06-20,1850,205,62,48,7
SPORT:2026-06-20,35,250,7
SLEEP:2026-06-20,7,7,20,1
VITAL_SIGNS:2026-06-20,36.5,118,76,5.2,72,4.0,98
LIFESTYLE:2026-06-20,8500,1.8,6,7,4,7

DIET:2026-06-21,2000,218,58,55,6
SPORT:2026-06-21,25,150,5
SLEEP:2026-06-21,6,6,30,1
VITAL_SIGNS:2026-06-21,36.5,122,80,5.3,76,4.1,98
LIFESTYLE:2026-06-21,7000,1.5,7,8,5,6

DIET:2026-06-22,1750,195,68,42,8
SPORT:2026-06-22,45,350,8
SLEEP:2026-06-22,8,8,15,0
VITAL_SIGNS:2026-06-22,36.4,116,75,5.1,70,3.8,99
LIFESTYLE:2026-06-22,9800,1.9,5,6,3,8

DIET:2026-06-23,1900,210,60,50,7
SPORT:2026-06-23,30,200,6
SLEEP:2026-06-23,7,7,22,1
VITAL_SIGNS:2026-06-23,36.5,119,77,5.2,73,4.0,98
LIFESTYLE:2026-06-23,8000,1.7,6,7,4,7

DIET:2026-06-24,2200,240,50,68,4
SPORT:2026-06-24,0,0,3
SLEEP:2026-06-24,5,4,45,3
VITAL_SIGNS:2026-06-24,36.7,130,85,5.6,90,4.5,96
LIFESTYLE:2026-06-24,4000,1.2,9,10,7,4

DIET:2026-06-25,1700,188,70,40,8
SPORT:2026-06-25,55,450,9
SLEEP:2026-06-25,8,9,12,0
VITAL_SIGNS:2026-06-25,36.3,114,73,4.9,69,3.7,99
LIFESTYLE:2026-06-25,11200,2.2,5,6,3,9

DIET:2026-06-26,1880,208,62,50,7
SPORT:2026-06-26,30,200,6
SLEEP:2026-06-26,7,7,20,1
VITAL_SIGNS:2026-06-26,36.5,118,76,5.2,72,4.0,98
LIFESTYLE:2026-06-26,8300,1.8,6,7,4,7

DIET:2026-06-27,1950,215,58,53,6
SPORT:2026-06-27,20,120,4
SLEEP:2026-06-27,6,6,30,1
VITAL_SIGNS:2026-06-27,36.5,122,80,5.3,76,4.1,98
LIFESTYLE:2026-06-27,7200,1.5,7,8,5,6

DIET:2026-06-28,1780,198,66,44,8
SPORT:2026-06-28,40,320,8
SLEEP:2026-06-28,8,8,15,0
VITAL_SIGNS:2026-06-28,36.4,116,75,5.1,70,3.8,99
LIFESTYLE:2026-06-28,10200,2.0,5,6,3,8

DIET:2026-06-29,1920,212,60,52,7
SPORT:2026-06-29,30,200,6
SLEEP:2026-06-29,7,7,22,1
VITAL_SIGNS:2026-06-29,36.5,119,77,5.2,73,4.0,98
LIFESTYLE:2026-06-29,8100,1.7,6,7,4,7

DIET:2026-06-30,2100,230,55,60,5
SPORT:2026-06-30,0,0,3
SLEEP:2026-06-30,6,5,40,2
VITAL_SIGNS:2026-06-30,36.6,126,83,5.5,86,4.3,97
LIFESTYLE:2026-06-30,4800,1.3,9,9,6,5

DIET:2026-07-01,1650,185,72,38,9
SPORT:2026-07-01,50,400,9
SLEEP:2026-07-01,8,9,12,0
VITAL_SIGNS:2026-07-01,36.3,114,73,4.9,69,3.7,99
LIFESTYLE:2026-07-01,11000,2.1,5,6,3,8

DIET:2026-07-02,1860,206,61,49,7
SPORT:2026-07-02,35,250,7
SLEEP:2026-07-02,7,7,20,1
VITAL_SIGNS:2026-07-02,36.5,118,76,5.2,72,4.0,98
LIFESTYLE:2026-07-02,8600,1.8,6,7,4,7

DIET:2026-07-03,1980,218,59,54,6
SPORT:2026-07-03,25,150,5
SLEEP:2026-07-03,6,6,30,1
VITAL_SIGNS:2026-07-03,36.5,122,80,5.3,76,4.1,98
LIFESTYLE:2026-07-03,7100,1.5,7,8,5,6

DIET:2026-07-04,1760,196,67,43,8
SPORT:2026-07-04,45,350,8
SLEEP:2026-07-04,8,8,15,0
VITAL_SIGNS:2026-07-04,36.4,116,75,5.1,70,3.8,99
LIFESTYLE:2026-07-04,9900,1.9,5,6,3,8

DIET:2026-07-05,1910,211,60,51,7
SPORT:2026-07-05,30,200,6
SLEEP:2026-07-05,7,7,22,1
VITAL_SIGNS:2026-07-05,36.5,119,77,5.2,73,4.0,98
LIFESTYLE:2026-07-05,8200,1.7,6,7,4,7

DIET:2026-07-06,2150,235,52,62,4
SPORT:2026-07-06,0,0,3
SLEEP:2026-07-06,5,4,45,3
VITAL_SIGNS:2026-07-06,36.7,130,85,5.6,90,4.5,96
LIFESTYLE:2026-07-06,4200,1.2,9,10,7,4

DIET:2026-07-07,1680,190,68,42,8
SPORT:2026-07-07,50,400,9
SLEEP:2026-07-07,8,9,12,0
VITAL_SIGNS:2026-07-07,36.3,114,73,4.9,69,3.7,99
LIFESTYLE:2026-07-07,10800,2.1,5,6,3,9

DIET:2026-07-08,1850,205,62,48,7
SPORT:2026-07-08,35,250,7
SLEEP:2026-07-08,7,7,20,1
VITAL_SIGNS:2026-07-08,36.5,118,76,5.2,72,4.0,98
LIFESTYLE:2026-07-08,8500,1.8,6,7,4,7

DIET:2026-07-09,2000,218,58,55,6
SPORT:2026-07-09,25,150,5
SLEEP:2026-07-09,6,6,30,1
VITAL_SIGNS:2026-07-09,36.5,122,80,5.3,76,4.1,98
LIFESTYLE:2026-07-09,7000,1.5,7,8,5,6

DIET:2026-07-10,1750,195,68,42,8
SPORT:2026-07-10,45,350,8
SLEEP:2026-07-10,8,8,15,0
VITAL_SIGNS:2026-07-10,36.4,116,75,5.1,70,3.8,99
LIFESTYLE:2026-07-10,9800,1.9,5,6,3,8

DIET:2026-07-11,1900,210,60,50,7
SPORT:2026-07-11,30,200,6
SLEEP:2026-07-11,7,7,22,1
VITAL_SIGNS:2026-07-11,36.5,119,77,5.2,73,4.0,98
LIFESTYLE:2026-07-11,8000,1.7,6,7,4,7

DIET:2026-07-12,2200,240,50,68,4
SPORT:2026-07-12,0,0,3
SLEEP:2026-07-12,5,4,45,3
VITAL_SIGNS:2026-07-12,36.7,130,85,5.6,90,4.5,96
LIFESTYLE:2026-07-12,4000,1.2,9,10,7,4

DIET:2026-07-13,1700,188,70,40,8
SPORT:2026-07-13,55,450,9
SLEEP:2026-07-13,8,9,12,0
VITAL_SIGNS:2026-07-13,36.3,114,73,4.9,69,3.7,99
LIFESTYLE:2026-07-13,11200,2.2,5,6,3,9

DIET:2026-07-14,1880,208,62,50,7
SPORT:2026-07-14,30,200,6
SLEEP:2026-07-14,7,7,20,1
VITAL_SIGNS:2026-07-14,36.5,118,76,5.2,72,4.0,98
LIFESTYLE:2026-07-14,8300,1.8,6,7,4,7

DIET:2026-07-15,1950,215,58,53,6
SPORT:2026-07-15,20,120,4
SLEEP:2026-07-15,6,6,30,1
VITAL_SIGNS:2026-07-15,36.5,122,80,5.3,76,4.1,98
LIFESTYLE:2026-07-15,7200,1.5,7,8,5,6
